[app/install/state]
version = 7.0.2
modtime = 1522347830.202462000

[app/install/install_source_checksum]
version = 7.0.2
modtime = 1522347819.766353000
